563 469
563
563
563
563
563
563
563
563
563
563
563
563
563
563
563
563
563
563
563
563
563
563
563
563
563
563
563
563
563
563
563
563
563
563
563
563
563
563
563
563
184 1 378
563
563
563
563
563
563
563
563
563
563
563
563
184 1 378
563
563
184 1 378
184 2 377
184 1 378
184 1 378
184 1 378
563
563
563
563
563
563
563
563
563
563
563
563
563
563
563
563
563
563
563
563
563
563
563
563
563
563
563
563
563
563
563
563
563
563
563
563
563
563
563
563
563
563
563
563
563
563
563
563
563
563
563
563
563
563
563
563
563
563
563
235 1 327
563
563
563
563
563
563
563
563
563
563
246 1 316
563
563
563
563
179 2 69 1 312
178 3 3 4 63 1 311
191 4 368
166 1 1 1 26 1 170 1 196
166 1 34 2 360
201 2 360
201 1 361
167 1 8 9 378
167 1 12 4 379
167 1 32 1 362
167 1 29 4 362
197 4 165 1 196
197 4 362
368 1 194
563
563
365 2 196
563
563
371 1 191
371 1 191
563
563
374 1 6 1 181
369 1 3 2 188
373 2 6 1 181
373 3 5 1 181
373 3 187
374 2 6 1 180
374 2 187
374 2 187
375 2 6 1 179
375 2 6 1 179
364 2 9 3 5 1 179
364 2 9 3 5 2 178
375 3 6 1 178
200 1 82 1 92 3 5 2 177
376 3 6 1 177
376 4 5 1 177
376 4 6 1 176
364 1 2 2 8 4 5 1 176
368 2 7 5 181
368 2 7 5 181
374 10 179
374 11 178
200 1 173 12 177
375 6 2 4 176
361 1 12 7 2 5 175
294 1 65 2 9 10 2 5 175
374 7 2 4 176
363 2 10 6 2 4 176
375 6 2 4 176
375 6 2 4 176
374 8 1 4 176
198 1 175 13 176
198 1 169 3 3 13 176
198 1 170 3 2 3 1 4 1 4 176
364 2 2 4 1 8 3 3 176
368 4 2 7 3 3 176
368 4 2 8 2 3 176
361 1 7 3 2 13 176
361 1 9 1 2 13 176
370 2 2 13 176
370 2 2 13 176
366 2 3 1 2 5 1 7 176
367 1 3 1 1 14 176
201 1 2 4 157 3 3 1 1 14 176
201 1 1 7 6 1 148 3 3 1 1 14 176
199 2 2 15 5 1 137 1 3 3 3 2 1 13 176
163 1 35 3 1 17 1 4 136 1 5 1 3 2 1 13 176
156 2 2 2 1 1 37 32 128 1 5 1 3 16 176
153 5 2 2 40 12 5 1 1 14 1 4 127 1 3 16 176
149 7 2 2 2 1 41 9 1 15 2 16 117 2 1 1 3 16 176
147 14 39 1 1 1 1 49 111 4 3 16 176
145 12 2 3 16 1 1 4 16 1 1 17 1 17 1 21 106 3 6 13 176
142 10 4 1 22 4 16 3 1 14 5 14 2 29 98 2 1 3 3 2 1 10 176
135 2 4 4 2 3 5 3 6 1 32 5 1 24 3 43 95 4 2 2 2 9 176
134 3 10 7 2 3 37 5 2 8 1 30 1 40 85 2 4 13 176
133 3 2 1 5 11 1 3 39 2 3 8 2 29 2 46 71 2 1 1 4 1 1 1 1 14 176
131 3 5 3 2 2 1 4 5 2 44 4 4 32 2 53 64 4 4 5 2 11 176
129 4 2 3 1 2 3 2 1 11 42 6 3 2 1 23 2 5 1 59 60 1 2 2 3 2 1 1 2 11 176
129 4 2 4 7 7 2 1 6 2 37 16 2 30 1 56 28 2 29 1 1 8 1 11 176
128 4 3 3 1 1 2 2 2 7 5 1 43 17 2 86 1 6 1 1 18 1 30 10 1 7 1 3 176
128 5 2 3 1 1 1 11 5 3 41 106 1 13 3 1 39 5 1 5 1 7 1 3 5 1 170
128 9 5 5 1 3 3 3 43 8 2 45 1 66 41 5 2 1 1 3 1 7 1 4 4 1 170
128 6 8 5 2 2 3 2 43 20 2 101 44 9 1 12 175
128 6 2 2 2 9 1 2 2 1 44 3 1 16 1 23 1 78 44 9 1 12 65 1 109
128 6 2 2 1 9 2 2 2 1 2 1 42 1 2 31 1 1 3 83 42 11 1 12 65 1 109
128 3 1 2 9 5 3 1 2 1 39 1 7 33 1 13 2 2 1 24 2 42 42 2 3 3 1 2 1 2 1 9 65 1 109
128 4 2 3 6 7 3 2 10 1 28 1 6 17 1 33 2 3 1 20 2 42 42 2 2 5 3 12 175
128 4 2 2 6 8 3 4 7 2 35 17 2 12 2 33 1 25 1 28 41 3 2 20 175
128 7 6 10 1 4 8 2 35 92 1 29 40 25 175
128 7 3 1 1 11 2 2 45 5 1 42 1 61 1 12 40 10 1 14 175
128 5 2 3 1 4 1 7 2 3 44 11 1 98 1 12 43 22 175
128 5 2 3 1 3 2 6 2 4 38 1 5 33 1 10 1 22 1 42 1 13 39 1 2 22 175
128 6 2 14 2 4 44 40 3 1 2 5 2 57 3 11 39 2 2 6 1 14 175
128 7 2 17 1 1 38 1 4 41 2 8 1 44 2 13 2 12 39 2 2 2 1 3 1 14 175
128 6 6 9 2 3 46 104 1 4 1 1 1 12 39 3 1 6 2 13 175
128 6 3 12 3 1 47 52 4 55 1 12 40 2 1 6 1 14 175
128 6 2 13 6 2 37 1 5 96 1 14 1 12 43 5 2 14 175
128 3 1 2 2 2 1 12 2 5 36 1 4 78 2 17 1 14 1 12 37 2 4 4 3 14 175
128 3 1 2 2 15 2 2 4 2 33 1 4 112 1 12 37 1 2 24 175
128 23 2 2 3 3 33 1 4 37 2 73 2 11 40 24 175
128 27 3 4 2 2 28 1 4 43 1 39 1 28 4 9 41 1 1 21 175
128 8 3 4 1 13 3 1 33 1 4 56 1 9 1 16 1 28 2 11 40 24 175
127 9 3 10 2 7 4 3 29 1 4 112 1 13 39 24 175
128 8 3 13 2 5 3 3 29 1 4 55 1 56 1 13 37 1 1 7 3 14 175
128 23 3 5 3 1 31 1 5 72 2 37 2 12 37 1 2 1 2 3 2 15 175
88 3 3 1 33 29 5 1 30 2 8 69 2 37 2 12 40 1 2 4 1 15 175
83 1 3 8 33 5 1 14 1 9 33 4 5 3 2 4 2 12 1 4 3 78 1 1 2 12 39 7 4 13 175
81 4 2 8 32 24 3 1 1 4 3 1 27 2 7 25 2 2 1 82 1 12 39 8 2 14 175
73 4 2 6 3 7 32 6 1 17 5 4 3 1 28 1 2 3 4 91 1 18 1 12 39 24 175
72 14 2 7 3 1 28 6 2 5 1 6 2 2 2 6 3 1 29 1 2 1 1 105 1 13 2 7 36 2 2 8 1 14 175
69 27 31 5 2 1 2 3 2 11 2 1 1 4 1 2 29 2 2 88 1 39 36 2 1 24 175
69 27 31 9 1 16 2 7 1 1 34 127 39 7 1 16 175
68 29 30 8 4 23 1 1 27 1 3 1 2 103 2 22 40 5 2 16 175
67 31 29 5 2 1 6 21 1 1 27 134 37 1 1 6 2 16 175
67 31 29 5 6 1 1 18 2 2 31 112 1 5 1 13 39 7 1 1 1 14 175
66 32 29 8 2 21 3 1 32 131 39 7 4 13 175
65 33 29 9 1 21 2 3 30 23 1 63 1 44 36 1 2 9 2 13 175
64 34 29 8 2 21 2 3 31 109 1 3 1 17 36 2 1 9 2 13 175
60 38 29 8 1 1 1 20 3 3 31 36 1 93 39 24 175
60 35 32 10 1 21 3 2 28 3 1 1 2 105 1 20 39 24 175
59 34 34 32 3 1 21 2 8 4 1 87 1 38 38 3 1 4 1 16 175
58 33 36 10 1 21 3 2 18 3 10 130 38 3 1 21 175
58 25 44 10 2 19 2 2 1 3 24 2 2 131 38 25 175
58 25 43 11 1 20 2 2 28 135 38 25 175
57 26 43 32 2 2 21 142 38 2 1 22 175
57 26 43 11 1 19 3 2 19 136 3 5 41 22 175
57 26 41 15 1 20 3 1 16 2 1 2 1 139 40 1 3 19 175
58 25 2 2 35 22 1 14 1 1 19 2 6 5 4 128 40 1 3 19 175
58 25 2 1 36 21 2 14 2 1 18 2 6 3 2 122 1 9 40 13 1 9 175
48 2 8 25 38 21 3 14 3 1 17 2 3 66 1 74 36 1 1 24 175
44 6 9 23 39 20 5 13 3 1 17 3 3 13 1 115 2 15 30 1 1 24 175
43 8 9 22 39 20 4 15 2 1 16 4 6 9 2 117 1 8 1 2 35 20 1 3 175
43 8 11 10 5 5 39 21 1 16 20 4 6 10 1 131 30 1 2 24 175
43 8 11 10 49 37 2 2 4 4 9 70 2 58 1 19 1 1 29 2 2 24 175
44 6 37 5 29 22 3 13 5 1 5 2 7 69 3 1 1 1 1 76 31 3 2 21 175
44 6 36 7 28 21 4 13 8 6 6 69 4 2 1 76 28 2 3 2 1 21 175
44 5 37 7 29 20 4 13 1 5 2 5 8 5 1 62 5 1 1 76 27 3 2 25 175
45 3 38 6 31 19 4 19 2 4 8 69 5 1 1 1 1 73 29 3 1 25 175
87 4 32 19 4 20 4 2 7 68 6 1 1 1 1 73 31 27 175
88 2 34 17 6 12 1 7 2 4 6 68 6 3 1 73 31 2 3 22 175
124 17 5 13 2 11 7 68 6 1 1 1 1 73 30 3 2 23 81 2 92
124 17 5 13 2 11 7 68 8 1 1 73 29 29 79 6 90
124 18 4 8 1 3 1 5 3 5 7 69 5 1 1 1 1 73 29 3 1 25 77 11 87
124 18 4 8 1 10 1 6 7 69 5 1 1 1 1 72 31 2 1 25 76 12 43 5 39
3 2 3 3 113 17 5 26 7 69 5 1 1 1 1 72 32 1 1 25 23 4 47 15 39 10 37
3 9 22 2 11 7 70 17 5 21 2 3 7 69 5 1 3 73 30 28 22 5 47 15 37 13 36
6 7 5 5 12 1 6 13 69 17 5 27 6 69 5 1 1 1 1 73 30 28 23 4 46 17 35 13 37
6 8 3 6 17 5 1 10 68 17 5 27 6 69 5 1 1 1 1 73 30 28 23 4 45 18 34 14 37
7 6 5 5 18 4 1 10 68 17 5 27 6 68 6 1 1 1 1 73 30 28 72 17 36 12 38
8 4 9 1 20 2 3 8 69 17 5 28 5 68 6 1 1 1 1 1 1 16 1 54 30 28 73 16 36 12 38
19 1 27 6 70 18 5 27 6 69 7 1 1 72 31 2 1 25 73 16 38 9 39
19 1 27 6 70 18 5 26 7 69 7 1 1 72 31 2 1 25 74 15 40 5 41
19 1 28 1 2 1 71 19 4 26 7 69 7 1 1 72 33 26 76 13 86
19 1 28 1 1 1 72 19 4 26 7 69 7 1 1 71 35 25 78 11 86
19 1 103 19 4 16 1 9 7 69 9 71 34 27 79 4 91
34 1 88 18 5 26 7 69 9 71 34 27 80 2 92
34 1 88 18 5 26 2 2 3 69 9 72 33 27 173 1
19 1 103 18 5 26 2 2 3 69 9 71 35 26 98 12 2 1 60 1
122 20 3 28 2 1 3 71 1 1 5 71 34 27 94 1 2 1 2 10 2 1 58 2 1
122 51 2 1 3 150 34 26 94 2 1 1 11 1 2 1 58 1 2
122 51 2 1 3 150 34 26 94 4 11 1 2 1 5 1 52 1 2
122 50 7 149 34 27 94 2 1 1 10 3 1 1 50 1 7 2 1
122 49 8 149 35 26 97 1 11 2 1 1 45 2 3 1 7 2 1
122 49 8 149 35 26 97 1 10 3 1 1 58 1 2
122 49 8 149 28 1 6 26 109 1 2 1 58 1 2
122 50 7 148 37 25 97 1 10 2 2 1 45 1 4 1 7 1 2
121 50 8 148 37 25 109 1 14 1 4 1 28 2 11 1 2
121 51 7 148 37 25 109 1 19 1 28 2 11 1 2
121 51 7 148 35 1 1 25 109 1 19 1 28 2 11 2 1
121 51 7 148 32 4 1 25 109 1 19 1 28 2 11 2 1
121 50 8 148 37 25 109 1 19 1 28 2 11 2 1
66 1 54 50 8 149 36 25 129 1 28 2 11 2 1
121 51 7 150 29 2 3 26 158 2 11 2 1
121 51 7 150 30 1 3 26 158 2 11 2 1
53 1 67 49 1 2 6 149 34 1 1 25 158 1 12 2 1
121 52 5 151 35 25 171 2 1
75 1 44 53 5 151 34 26 158 1 12 2 1
45 1 74 53 5 151 33 27 158 1 12 1 2
44 1 22 1 52 51 7 151 32 28 171 1 2
43 1 20 2 1 1 52 51 7 151 33 27 171 2 1
43 1 18 1 1 2 54 51 4 1 2 151 33 27 171 1 2
42 1 15 1 3 1 57 52 3 1 2 151 33 27 171 1 2
40 2 1 1 14 1 61 50 6 1 1 151 32 28 15 2 157
39 2 2 1 8 1 66 51 6 1 1 151 32 28 171 1 2
39 1 12 1 66 51 6 1 1 151 32 28 174
38 1 2 1 77 52 5 1 1 150 33 28 23 2 149
37 1 2 2 77 52 7 150 33 29 20 1 2 1 149
36 2 81 53 6 150 33 32 15 1 2 5 147
36 1 2 1 79 53 6 150 34 31 18 3 149
35 2 82 51 5 1 2 150 34 27 3 1 1 6 10 4 55 2 92
34 2 83 51 8 149 34 28 1 14 4 7 53 15 80
34 1 84 52 3 1 3 149 34 28 6 8 61 4 1 14 80
33 1 85 52 3 1 3 149 34 22 1 5 78 1 1 13 81
32 1 2 1 82 4 1 48 3 2 2 149 34 22 1 5 4 20 51 18 1 1 79
31 1 2 2 47 1 1 3 22 12 1 47 4 1 3 149 35 21 2 3 9 18 48 16 84
30 2 2 1 42 1 2 9 19 62 8 149 35 15 1 4 3 3 17 4 2 1 51 2 2 13 83
30 1 2 1 75 62 7 148 37 14 1 4 4 2 17 10 48 16 2 1 81
29 2 1 2 84 55 5 148 37 14 1 4 3 3 10 18 42 3 2 14 1 1 1 4 79
29 1 1 2 37 3 2 2 7 4 30 53 7 148 37 14 1 3 3 5 15 12 41 4 3 11 3 2 1 3 79
28 1 2 1 35 1 2 6 8 3 31 53 7 84 3 60 38 14 1 3 2 6 71 19 84
30 1 34 4 5 5 39 54 6 84 3 60 39 12 3 10 71 19 84
30 1 31 16 5 1 3 1 30 54 6 75 2 7 2 61 40 11 3 36 48 16 84
60 14 44 54 6 79 2 66 41 10 2 13 5 20 43 1 3 16 43 3 1 2 3 1 31
59 14 2 2 41 22 3 30 5 84 1 4 2 56 42 2 1 6 2 11 12 16 39 23 47 5 32
58 12 5 2 14 1 28 16 1 1 6 29 5 78 2 1 5 60 43 1 3 4 3 11 18 4 33 1 12 1 3 18 49 6 29
54 3 1 13 1 3 11 1 33 16 1 1 7 27 6 72 1 2 5 1 2 61 49 1 4 14 70 2 2 15 39 2 3 10 2 2 26
51 1 2 3 1 11 5 2 1 1 3 1 37 15 9 1 1 28 5 73 14 58 48 33 53 1 2 1 2 13 2 2 43 1 1 2 4 6 26
51 2 1 3 2 20 2 1 5 2 29 17 7 24 2 4 6 71 18 57 45 38 53 17 2 1 58 1 24
59 20 1 2 1 1 3 2 29 16 8 23 3 4 6 71 22 54 44 39 53 16 42 12 7 1 24
55 1 1 5 1 22 34 11 11 23 14 71 23 54 42 17 1 3 2 3 1 11 56 17 47 2 35
46 1 7 25 2 5 4 1 28 9 12 23 15 72 23 53 39 13 9 2 2 2 63 1 5 15 42 2 2 1 39
52 4 3 1 1 22 4 4 28 9 12 22 16 71 27 49 45 6 11 2 73 16 38 13 34
52 3 3 2 1 19 39 9 12 22 1 1 14 70 30 46 45 2 1 4 1 9 1 2 73 17 34 16 1 1 32
51 3 2 1 1 20 42 7 13 25 13 70 31 44 42 23 24 2 46 17 35 17 1 1 32
45 1 5 2 1 24 8 1 33 6 13 25 14 71 32 40 41 1 5 20 25 4 45 16 36 13 2 1 33
48 1 2 32 2 3 3 3 26 6 13 25 14 69 36 37 48 20 23 1 47 1 3 14 39 15 32
47 2 1 56 14 3 16 24 15 68 38 34 48 24 70 14 42 4 1 7 1 6 28
47 2 1 61 8 6 14 24 15 68 39 31 50 24 66 1 2 20 39 9 36
46 1 3 60 10 5 14 22 18 66 45 24 51 25 19 1 49 20 36 3 1 9 35
46 61 13 5 14 21 22 62 51 2 2 17 47 22 4 1 69 18 36 1 1 8 2 4 3 2 29
46 55 19 6 14 19 25 59 52 26 45 25 68 21 30 1 2 1 2 13 34
48 1 1 1 2 3 1 16 1 24 23 6 14 17 26 58 50 44 34 7 4 9 72 17 34 7 1 8 1 3 30
41 1 2 4 1 22 2 1 1 1 2 6 3 7 24 11 12 16 31 54 47 54 25 22 67 4 3 16 33 15 7 1 27
40 2 5 1 3 1 2 20 4 5 8 4 20 5 2 1 1 4 14 15 33 51 47 55 19 27 70 22 34 8 1 4 35
43 2 2 5 3 19 4 7 32 9 18 12 34 48 46 59 23 4 10 6 71 2 1 17 33 13 1 3 36
37 1 9 5 2 18 2 1 8 2 13 1 18 8 6 1 13 4 2 4 34 39 55 60 6 1 25 8 1 3 1 1 72 20 31 2 1 3 3 6 36
47 4 3 21 1 1 34 1 6 16 11 3 43 31 2 3 52 1 3 33 3 5 10 3 2 1 24 19 73 2 5 15 34 6 3 6 36
41 2 1 2 2 4 1 22 1 3 5 1 8 4 1 1 4 32 11 1 49 3 3 20 2 3 54 44 38 15 4 4 5 2 63 5 2 4 1 9 34 2 2 8 2 2 3 2 31
45 26 3 4 3 1 2 1 8 3 2 39 60 1 7 23 3 9 39 42 43 29 54 2 10 1 3 13 36 15 3 3 2 1 27
44 7 1 18 2 7 1 2 12 42 71 35 35 45 43 23 75 13 37 16 3 1 30
43 6 1 17 1 10 2 1 5 2 5 50 3 1 58 42 27 48 44 20 76 16 36 11 2 2 3 2 29
40 2 11 4 1 7 2 4 2 1 1 2 6 2 1 3 4 42 1 7 58 52 22 49 43 19 1 2 2 1 67 2 3 13 30 1 5 1 3 10 36
44 1 14 11 5 1 23 37 1 1 8 1 51 58 19 2 3 44 44 25 71 13 8 1 26 3 1 5 2 2 38
44 4 11 13 6 1 25 29 3 2 59 61 17 48 40 26 73 16 35 12 38
45 2 5 20 6 4 8 1 16 2 2 27 57 63 17 24 1 11 2 10 40 19 1 5 72 1 2 12 42 12 34
44 40 23 2 3 3 4 17 10 2 43 67 15 2 1 34 5 7 46 19 2 3 68 2 2 2 3 5 38 12 39
44 34 3 3 35 17 10 3 41 69 13 3 1 36 1 7 48 20 67 2 2 4 1 8 5 2 3 1 32 13 35
38 1 12 29 39 18 9 4 39 66 17 43 49 21 77 1 2 8 5 1 26 1 10 8 1 2 36
36 2 4 3 8 1 1 1 1 12 1 2 1 9 36 19 53 53 2 4 25 1 1 32 2 4 50 19 7 2 65 1 15 4 2 1 25 1 10 7 6 1 33
41 5 2 2 3 12 2 1 2 13 36 19 51 44 3 7 7 2 25 40 3 1 2 1 39 4 1 20 69 2 2 3 13 5 29 1 2 14 35
38 2 5 6 3 13 2 1 2 9 39 19 48 32 3 3 5 4 3 3 3 1 5 5 22 48 39 12 7 5 76 2 1 3 2 3 4 1 1 1 33 11 1 2 35
38 2 6 2 3 1 5 7 1 5 2 12 36 18 47 34 2 2 7 11 2 1 29 10 1 1 3 35 40 25 65 1 3 2 3 3 1 1 4 15 25 5 2 8 37
46 3 7 11 3 3 1 2 1 3 38 20 44 2 9 31 1 18 23 1 7 1 7 5 5 25 1 4 41 22 73 1 13 1 1 3 1 1 32 3 4 7 38
42 1 13 11 2 1 3 1 3 2 3 1 35 20 53 33 2 17 1 2 27 1 9 6 2 34 36 2 5 11 3 2 5 1 69 4 1 2 2 3 7 1 8 3 21 14 5 2 31
40 3 7 3 4 21 4 1 36 18 46 1 2 1 1 40 4 5 3 6 26 2 1 5 2 1 8 1 2 8 2 21 49 9 4 3 67 1 2 6 2 2 3 1 1 7 33 8 6 3 31
35 1 10 2 11 10 1 5 2 1 1 2 5 1 4 2 27 10 1 5 43 1 2 47 46 10 1 11 5 18 46 17 4 4 67 1 5 2 6 5 37 11 2 1 35
38 8 3 1 1 1 9 11 1 2 1 3 6 7 31 10 47 43 1 14 1 2 37 1 8 2 2 13 3 12 4 1 45 14 5 2 71 6 7 2 1 2 1 1 4 2 25 1 3 11 36
41 4 12 2 1 11 2 4 2 1 4 3 1 2 33 8 2 5 42 60 3 3 42 2 1 25 6 1 38 3 6 15 3 1 66 2 5 16 2 4 27 2 5 6 1 1 37
37 7 5 1 6 12 1 4 6 2 2 2 35 2 1 14 43 53 67 13 2 1 6 1 2 2 36 1 6 16 73 1 3 1 3 11 2 1 30 6 1 10 35
35 4 4 3 10 10 3 4 3 2 42 9 51 53 45 3 9 1 3 4 2 16 45 4 6 11 70 1 6 6 2 4 1 4 2 3 31 17 34
35 1 5 1 1 2 6 1 4 14 2 1 2 2 44 7 50 1 2 58 1 3 25 3 7 7 9 7 8 6 46 5 9 7 4 1 68 2 2 1 1 15 6 4 29 14 34
38 7 2 2 1 3 2 2 2 1 2 15 9 2 93 56 3 2 29 9 7 4 13 11 1 1 47 2 1 4 88 15 1 4 1 3 31 1 4 6 38
37 20 2 17 7 5 92 57 36 9 6 7 14 6 1 2 46 14 3 2 77 1 4 14 35 13 36
36 12 2 24 104 62 36 11 11 2 5 8 5 2 44 26 81 2 1 1 17 1 16 2 5 12 35
43 2 4 25 56 4 43 62 2 1 40 1 3 7 14 2 8 1 45 25 79 2 1 4 35 4 4 10 36
49 2 2 21 56 3 6 1 38 59 1 1 1 2 1 3 37 1 1 11 3 2 6 3 6 1 48 2 1 3 2 15 46 1 38 1 37 2 7 5 38
44 1 8 21 62 2 1 1 37 66 32 28 63 1 14 6 70 2 3 5 11 1 14 1 15 4 50
44 1 7 21 3 1 47 1 4 3 6 1 36 60 37 53 44 4 12 3 2 3 55 2 7 1 7 2 1 2 41 13 39
44 2 6 21 105 1 10 11 3 24 44 55 43 11 2 2 68 2 3 2 2 4 2 4 44 7 41
44 2 2 2 2 3 1 20 107 1 1 28 5 1 51 2 8 41 49 15 60 1 13 7 3 1 3 4 3 3 80
41 5 1 4 1 13 4 6 103 1 3 6 9 16 5 2 4 3 4 2 2 2 43 40 50 14 72 2 1 1 4 3 2 1 93
38 6 2 4 2 13 1 5 111 6 14 7 4 1 4 2 28 1 21 17 18 15 51 2 5 11 73 2 45 2 4 3 45
38 5 1 5 2 1 1 17 16 2 45 1 43 1 6 7 2 3 4 1 3 4 6 3 54 46 4 2 50 17 72 3 1 8 38 2 1 4 3 1 40
40 3 1 5 5 12 1 3 52 10 18 2 26 19 2 2 3 1 5 8 4 15 1 2 37 5 1 34 57 2 2 3 76 2 7 9 41 4 9 3 31
36 1 17 6 2 2 1 2 55 12 2 2 43 1 3 2 1 6 1 3 3 3 4 11 5 7 46 32 148 4 2 3 5 1 3 2 2 2 82
62 2 1 2 8 1 1 3 45 12 64 9 2 6 6 2 1 7 5 5 29 2 3 8 4 13 17 4 58 6 2 1 67 3 1 4 5 1 91
62 1 4 2 2 5 1 2 47 1 7 3 2 1 54 1 3 9 1 3 8 16 1 7 31 50 42 11 2 1 2 5 64 1 11 2 3 1 4 3 37 3 1 4 42
69 4 66 2 52 14 1 4 7 2 48 55 45 12 2 2 66 4 8 7 7 1 37 6 42
40 5 19 10 2 1 113 1 3 14 4 8 11 2 2 4 4 1 3 2 16 35 3 14 2 4 46 15 4 1 64 6 5 1 17 1 1 2 33 7 37
42 3 4 1 12 9 19 1 92 5 9 3 5 3 3 11 4 10 2 5 25 7 1 26 65 16 74 2 3 2 2 2 13 2 28 1 5 9 37
59 8 4 7 2 2 8 1 33 5 54 10 5 4 6 2 1 23 6 1 2 1 3 2 21 5 2 40 62 6 80 2 4 3 5 1 2 1 35 2 2 2 39
64 14 43 2 2 9 43 2 4 12 6 3 2 2 5 3 2 17 1 1 2 5 26 51 47 5 9 3 2 3 41 1 33 4 1 2 5 1 15 3 22 2 1 3 3 1 35
62 11 1 1 53 5 45 1 4 3 1 23 8 3 4 3 7 3 1 2 6 2 18 53 3 2 44 21 52 1 17 1 16 2 12 3 25 5 39
57 15 48 2 61 4 11 13 23 4 5 1 3 3 15 46 4 10 56 6 68 1 7 2 1 1 15 3 4 3 27 4 40
121 1 1 1 2 2 2 1 1 3 52 9 6 9 12 1 2 4 3 4 6 2 22 53 131 1 5 2 11 1 3 1 1 1 44 2 40
81 2 43 2 2 3 46 4 5 12 11 1 3 1 1 7 2 4 5 1 33 2 1 40 3 1 141 1 1 2 8 1 6 1 14 3 69
58 1 1 20 1 1 99 2 1 3 2 4 4 5 1 1 15 4 2 5 2 3 42 37 65 2 76 1 10 3 6 1 2 2 6 1 1 2 71
48 2 3 1 3 20 110 5 3 14 15 4 4 3 5 5 31 39 4 5 42 12 4 3 68 2 11 4 18 1 74
45 2 7 19 105 2 8 3 3 10 18 6 3 8 1 3 8 2 22 17 12 5 1 3 67 9 57 2 9 1 7 1 1 1 95
52 4 36 2 88 2 5 3 1 5 1 2 10 1 2 1 3 1 4 4 4 7 12 1 18 1 3 18 4 2 3 13 2 2 137 2 1 1 1 1 6 2 1 4 5 1 84
74 1 8 1 43 2 54 1 10 1 5 1 2 1 2 6 12 3 14 2 20 8 3 1 1 39 7 4 37 6 10 1 75 2 2 1 4 1 2 8 88
39 1 4 5 3 3 4 1 26 1 92 1 20 14 10 14 1 4 38 26 15 1 42 13 81 1 103
39 4 4 14 16 2 7 1 6 2 83 3 19 2 1 13 1 5 5 3 2 6 2 2 41 2 9 8 6 9 49 9 84 1 62 1 2 2 36
40 3 5 12 16 3 35 1 64 5 27 15 1 1 5 2 44 9 2 16 1 3 69 2 5 1 50 3 13 3 3 2 2 3 1 2 42 4 16 3 29
48 3 16 1 2 1 10 3 40 3 55 2 17 4 5 2 2 7 8 6 5 6 29 1 1 20 3 6 79 4 50 1 15 1 4 1 5 1 21 2 24 4 45
50 1 1 2 6 2 12 1 2 7 41 2 11 1 54 2 9 2 3 8 2 3 2 4 11 5 35 15 13 1 4 2 2 3 52 2 10 5 11 1 61 2 4 3 1 1 91
36 5 9 4 17 4 1 2 51 2 48 3 1 2 2 1 3 11 5 4 1 3 2 2 1 9 3 2 2 2 2 3 38 3 2 2 3 1 8 11 1 7 1 3 53 3 2 6 60 1 8 1 3 1 5 7 2 1 43 2 42
34 2 14 2 8 6 2 3 108 15 3 2 1 8 3 17 54 9 4 1 2 3 3 11 2 4 52 2 3 4 66 4 2 1 10 2 5 6 85
34 3 21 2 115 2 4 2 3 9 8 4 3 1 4 5 57 4 15 14 5 1 55 4 5 1 76 1 105
24 1 10 4 78 2 72 27 51 4 11 1 4 2 1 1 2 1 7 1 8 1 2 1 72 4 45 1 17 1 107
38 1 33 2 3 1 56 2 7 1 36 3 8 2 2 16 1 3 11 2 42 3 6 4 2 1 1 11 1 1 3 2 2 2 57 2 74 3 5 2 1 1 1 1 3 5 22 1 76
61 13 55 4 46 8 1 1 3 1 4 7 2 2 69 2 1 6 8 2 7 6 18 1 38 4 10 3 61 3 4 1 1 1 7 7 95
50 1 3 7 2 1 4 2 49 5 31 1 18 2 10 4 6 4 2 1 14 2 17 2 7 2 4 1 61 4 64 2 19 1 43 1 8 1 10 3 94
56 4 9 1 14 3 6 1 80 2 3 3 7 2 4 3 4 3 2 4 4 2 6 14 14 1 3 1 27 7 9 6 58 1 25 1 11 1 46 2 113
51 8 3 1 14 2 4 3 6 1 43 3 11 1 23 2 6 5 16 4 2 4 8 2 2 9 6 2 9 2 21 2 4 14 10 8 75 3 40 1 132
51 7 1 5 11 1 16 1 14 1 19 2 58 1 5 2 4 2 5 8 9 2 1 2 10 4 1 2 5 3 23 19 22 1 5 3 132 3 102
59 3 28 3 42 1 59 2 13 5 1 4 2 4 1 1 1 7 1 5 1 2 4 2 26 24 20 4 124 1 113
77 4 2 2 5 2 7 1 15 2 7 3 3 7 1 1 24 1 10 1 1 2 18 2 8 2 1 11 1 7 1 4 15 1 29 25 18 2 240
51 2 24 6 1 1 13 2 32 2 30 2 10 3 5 4 6 20 5 1 6 2 53 25 257
81 1 10 1 3 1 22 2 32 1 12 2 10 3 4 6 37 1 23 2 28 19 54 1 11 2 55 1 22 2 11 2 101
65 6 55 3 38 2 10 7 2 5 40 1 16 1 40 6 2 5 53 3 11 2 51 1 22 3 8 5 6 8 86
41 2 8 3 3 2 3 7 59 2 41 3 7 4 6 7 1 3 20 1 10 3 3 1 16 1 18 1 17 2 11 6 1 6 44 5 82 1 1 1 9 2 9 4 86
51 3 7 1 34 1 76 1 8 3 12 3 1 6 10 1 1 1 22 2 14 2 13 3 40 8 45 3 4 8 78 1 10 2 4 2 82
54 4 6 9 110 4 12 2 2 1 20 3 2 1 42 11 83 1 87 2 6 1 6 1 93
47 2 13 7 3 3 9 2 29 1 48 1 3 2 14 6 10 1 12 2 2 3 2 5 1 2 21 2 25 5 4 4 14 6 63 2 187
48 2 11 2 18 1 2 2 82 5 14 8 10 1 1 3 3 10 64 6 6 8 68 3 65 1 15 1 103
30 2 29 3 2 3 1 1 8 4 13 2 28 5 8 1 31 6 3 4 6 6 2 9 47 1 6 2 4 4 21 14 1 6 250
2 1 33 1 18 3 1 1 1 2 3 3 1 1 3 3 3 1 54 1 40 1 6 3 14 3 55 1 10 3 21 14 126 2 22 2 104
2 2 33 1 6 1 6 1 14 3 1 2 2 1 108 5 25 2 44 1 13 1 14 3 40 2 30 6 6 1 3 7 1 2 174
39 2 6 1 2 2 12 1 3 1 29 1 44 1 43 7 79 2 56 1 33 7 191
15 1 43 1 1 2 1 2 3 3 25 1 3 1 90 2 40 2 39 2 52 1 42 3 96 2 90
15 1 39 1 5 5 2 3 2 1 52 1 4 2 45 3 35 2 1 1 1 8 48 2 3 1 45 1 46 7 59 2 68 1 51
58 7 1 1 8 1 89 1 14 1 26 2 5 6 5 2 52 2 98 1 77 1 105
52 2 17 6 15 3 59 2 35 3 4 1 9 3 3 2 53 2 12 1 27 4 248
56 1 5 1 5 1 2 2 2 1 15 3 85 3 1 6 2 1 6 3 3 1 6 1 2 2 16 4 228 1 20 1 77
56 2 1 1 2 2 11 1 108 7 9 2 13 1 8 5 86 5 158 1 84
76 1 112 1 4 2 5 1 17 2 85 1 8 4 52 4 76 1 26 1 84
36 2 2 2 23 2 162 3 63 4 79 2 183
26 1 9 7 1 1 14 1 1 2 118 2 29 4 59 1 174 1 12 1 99
27 1 4 2 9 4 3 1 1 13 1 1 5 6 3 1 113 16 78 1 102 1 64 2 17 3 84
52 6 1 15 9 1 20 1 122 1 50 2 112 1 60 2 3 2 1 1 14 2 85
42 1 4 2 13 2 3 1 2 2 3 1 32 1 18 10 1 1 78 2 59 8 168 2 5 1 5 3 93
66 1 7 5 48 1 3 1 54 14 58 1 22 1 1 6 274
0 1 37 2 10 2 20 7 101 27 51 1 45 1 160 2 3 3 90
3 1 39 2 24 2 35 2 89 10 32 2 137 1 184
43 2 3 1 57 1 93 16 62 1 108 1 47 1 20 1 5 2 99
67 1 34 1 91 1 2 27 171 1 167
3 1 63 1 67 1 60 32 226 4 6 2 97
36 1 34 1 8 3 13 3 83 11 1 1 2 10 4 1 3 7 2 10 40 17 166 4 4 2 16 1 79
36 2 25 1 6 1 8 5 25 2 91 1 7 9 1 2 55 15 169 3 99
